190
  0.01 0.000E+00
  0.02 0.000E+00
  0.03 0.000E+00
  0.04 0.000E+00
  0.05 0.000E+00
  0.06 0.000E+00
  0.07 0.000E+00
  0.08 0.000E+00
  0.09 0.000E+00
  1.00 0.000E+00
  1.10 0.000E+00
  1.20 0.000E+00
  1.30 0.000E+00
  1.40 0.000E+00
  1.50 0.000E+00
  1.60 0.000E+00
  1.70 0.000E+00
  1.80 0.000E+00
  1.90 0.000E+00
  2.00 0.000E+00
  2.10 0.000E+00
  2.20 0.000E+00
  2.30 0.000E+00
  2.40 0.000E+00
  2.50 0.000E+00
  2.60 0.000E+00
  2.70 0.000E+00
  2.80 0.000E+00
  2.90 0.000E+00
  3.00 0.000E+00
  3.10 0.000E+00
  3.20 0.000E+00
  3.30 0.000E+00
  3.40 0.000E+00
  3.50 0.000E+00
  3.60 0.000E+00
  3.70 0.000E+00
  3.80 0.000E+00
  3.90 0.000E+00
  4.00 0.000E+00
  4.10 0.000E+00
  4.20 0.000E+00
  4.30 0.000E+00
  4.40 0.000E+00
  4.50 0.000E+00
  4.60 0.000E+00
  4.70 0.000E+00
  4.80 0.000E+00
  4.90 0.000E+00
  5.00 0.000E+00
  5.10 0.000E+00
  5.20 0.000E+00
  5.30 0.000E+00
  5.40 0.000E+00
  5.50 0.000E+00
  5.60 0.000E+00
  5.70 0.000E+00
  5.80 0.000E+00
  5.90 0.000E+00
  6.00 0.000E+00
  6.10 0.000E+00
  6.20 0.000E+00
  6.30 0.000E+00
  6.40 0.000E+00
  6.50 0.000E+00
  6.60 0.000E+00
  6.70 0.000E+00
  6.80 0.000E+00
  6.90 0.000E+00
  7.00 0.000E+00
  7.10 0.000E+00
  7.20 0.000E+00
  7.30 0.000E+00
  7.40 0.000E+00
  7.50 0.000E+00
  7.60 0.000E+00
  7.70 0.000E+00
  7.80 0.000E+00
  7.90 0.000E+00
  8.00 0.000E+00
  8.10 0.000E+00
  8.20 0.000E+00
  8.30 0.000E+00
  8.40 0.000E+00
  8.50 0.000E+00
  8.60 0.000E+00
  8.70 0.000E+00
  8.80 0.000E+00
  8.90 0.000E+00
  9.00 0.000E+00
  9.10 0.000E+00
  9.20 0.000E+00
  9.30 0.000E+00
  9.40 0.000E+00
  9.50 0.000E+00
  9.60 0.000E+00
  9.70 0.000E+00
  9.80 0.000E+00
  9.90 0.000E+00
 10.00 0.000E+00
 11.00 0.000E+00
 12.00 0.000E+00
 13.00 0.000E+00
 14.00 0.000E+00
 15.00 0.000E+00
 16.00 0.000E+00
 17.00 0.000E+00
 18.00 0.000E+00
 19.00 0.000E+00
 20.00 0.000E+00
 21.00 0.000E+00
 22.00 0.000E+00
 23.00 0.000E+00
 24.00 0.000E+00
 25.00 0.000E+00
 26.00 0.000E+00
 27.00 0.000E+00
 28.00 0.000E+00
 29.00 0.000E+00
 30.00 0.000E+00
 31.00 0.000E+00
 32.00 0.000E+00
 33.00 0.000E+00
 34.00 0.000E+00
 35.00 0.000E+00
 36.00 0.000E+00
 37.00 0.000E+00
 38.00 0.000E+00
 39.00 0.000E+00
 40.00 0.000E+00
 41.00 0.000E+00
 42.00 0.000E+00
 43.00 0.000E+00
 44.00 0.000E+00
 45.00 0.000E+00
 46.00 0.000E+00
 47.00 0.000E+00
 48.00 0.000E+00
 49.00 0.000E+00
 50.00 0.000E+00
 51.00 0.000E+00
 52.00 0.000E+00
 53.00 0.000E+00
 54.00 0.000E+00
 55.00 0.000E+00
 56.00 0.000E+00
 57.00 0.000E+00
 58.00 0.000E+00
 59.00 0.000E+00
 60.00 0.000E+00
 61.00 0.000E+00
 62.00 0.000E+00
 63.00 0.000E+00
 64.00 0.000E+00
 65.00 0.000E+00
 66.00 0.000E+00
 67.00 0.000E+00
 68.00 0.000E+00
 69.00 0.000E+00
 70.00 0.000E+00
 71.00 0.000E+00
 72.00 0.000E+00
 73.00 0.000E+00
 74.00 0.000E+00
 75.00 0.000E+00
 76.00 0.000E+00
 77.00 0.000E+00
 78.00 0.000E+00
 79.00 0.000E+00
 80.00 0.000E+00
 81.00 0.000E+00
 82.00 0.000E+00
 83.00 0.000E+00
 84.00 0.000E+00
 85.00 0.000E+00
 86.00 0.000E+00
 87.00 0.000E+00
 88.00 0.000E+00
 89.00 0.000E+00
 90.00 0.000E+00
 91.00 0.000E+00
 92.00 0.000E+00
 93.00 0.000E+00
 94.00 0.000E+00
 95.00 0.000E+00
 96.00 0.000E+00
 97.00 0.000E+00
 98.00 0.000E+00
 99.00 0.000E+00
100.00 0.000E+00
